7.15625 | 0.373046875
6.9375 | 0.375
6.6875 | 0.38671875
6.46875 | 0.38671875
7.625 | 0.365234375
6.71875 | 0.392578125
6.1875 | 0.3984375
6.3125 | 0.392578125
6.78125 | 0.3828125
6.9375 | 0.380859375
6.625 | 0.380859375
6.78125 | 0.384765625
5.84375 | 0.412109375
6.46875 | 0.3984375
6.5625 | 0.39453125
6.6875 | 0.388671875
6.875 | 0.376953125
6.6875 | 0.3828125
6.6875 | 0.3828125
6.5625 | 0.384765625
7.75 | 0.365234375
5.84375 | 0.41796875
7.21875 | 0.365234375
7.15625 | 0.373046875
6.9375 | 0.375
6.6875 | 0.38671875
6.46875 | 0.38671875
